0
  1.1550  1.5135  1.7233  0.9821  0.1032 -0.2535 -0.6146 -1.1374 -1.3105 -1.2516 -1.3105 -1.1374 -0.6146 -0.2535  0.1032  0.9821  1.7233  1.5134  1.1550
  0.9662  1.1512  1.1644  0.5155 -0.1995 -0.4199 -0.4300 -0.4011 -0.0788  0.3474  0.4632  0.4056  0.3117 -0.0093 -0.1896  0.2993  0.7973  0.4957  0.1251
  0.7798  0.5767  0.1854 -0.1706 -0.4627 -0.4562  0.0223  0.7240  1.4358  2.0979  2.4339  2.1947  1.4272  0.3440 -0.5096 -0.5974 -0.3386 -0.4701 -0.6815
  1.0338  0.5262 -0.1022 -0.0690 -0.0059 -0.0679  0.2646  0.6396  0.6266  0.7158  1.0890  1.2286  0.9639  0.4574 -0.1140 -0.3280 -0.0124  0.3842  0.5209
  1.4660  0.9259  0.3484  0.4998  0.4132 -0.0676 -0.2082 -0.4694 -1.2536 -1.5873 -1.0766 -0.4652  0.0252  0.4922  0.5882  0.4032  0.5364  0.9890  1.2294
  1.6482  1.2354  0.7108  0.4748 -0.1309 -0.7741 -0.8042 -1.0252 -1.8070 -1.9882 -1.2944 -0.6654 -0.2275  0.3000  0.5200  0.3166  0.1858  0.2693  0.3331
  1.6577  1.3190  0.6929  0.0713 -0.5302 -0.5128  0.0980  0.0189 -0.8987 -1.2766 -0.8500 -0.5153 -0.4154 -0.3111 -0.3300 -0.3259 -0.0984  0.0833  0.1070
  1.7561  1.4224  0.8586  0.7152  1.2906  2.4681  3.1996  2.3542  0.6308 -0.3970 -0.6061 -0.6552 -0.6155 -0.6053 -0.7582 -0.5570  0.1138  0.5595  0.6264
  1.9250  1.6216  1.4491  2.5381  4.8443  6.9044  6.9189  4.7280  2.2685  0.9857  0.3519 -0.1384 -0.1556 -0.0286 -0.2484 -0.2899  0.0401  0.0944 -0.0322
  2.0034  1.7295  1.8118  3.5861  6.7238  9.0696  8.5876  5.7308  3.0505  1.8317  1.1045  0.3868  0.2831  0.4538  0.1873 -0.0995 -0.1668 -0.5107 -0.8106
  1.9250  1.6216  1.4491  2.5381  4.8443  6.9044  6.9189  4.7280  2.2685  0.9857  0.3519 -0.1384 -0.1556 -0.0286 -0.2484 -0.2899  0.0401  0.0945 -0.0322
  1.7561  1.4224  0.8586  0.7152  1.2906  2.4681  3.1996  2.3542  0.6308 -0.3970 -0.6061 -0.6552 -0.6155 -0.6054 -0.7582 -0.5571  0.1138  0.5595  0.6264
  1.6577  1.3189  0.6929  0.0713 -0.5302 -0.5128  0.0980  0.0189 -0.8987 -1.2766 -0.8500 -0.5153 -0.4154 -0.3111 -0.3300 -0.3259 -0.0984  0.0833  0.1070
  1.6482  1.2354  0.7108  0.4748 -0.1309 -0.7741 -0.8042 -1.0252 -1.8070 -1.9882 -1.2944 -0.6654 -0.2275  0.3000  0.5200  0.3166  0.1858  0.2693  0.3331
  1.4660  0.9259  0.3484  0.4997  0.4131 -0.0676 -0.2082 -0.4694 -1.2536 -1.5873 -1.0766 -0.4652  0.0252  0.4922  0.5882  0.4032  0.5364  0.9890  1.2294
  1.0337  0.5261 -0.1022 -0.0690 -0.0059 -0.0679  0.2646  0.6396  0.6266  0.7158  1.0890  1.2286  0.9639  0.4574 -0.1141 -0.3280 -0.0124  0.3842  0.5209
  0.7798  0.5766  0.1854 -0.1706 -0.4627 -0.4562  0.0223  0.7240  1.4358  2.0979  2.4339  2.1947  1.4272  0.3440 -0.5096 -0.5974 -0.3386 -0.4701 -0.6815
  0.9662  1.1511  1.1644  0.5155 -0.1995 -0.4199 -0.4300 -0.4011 -0.0788  0.3474  0.4632  0.4056  0.3117 -0.0093 -0.1896  0.2993  0.7973  0.4957  0.1251
  1.1550  1.5134  1.7233  0.9821  0.1032 -0.2535 -0.6146 -1.1374 -1.3105 -1.2516 -1.3105 -1.1374 -0.6146 -0.2535  0.1032  0.9821  1.7233  1.5135  1.1550
5
  1.5135  1.7233  0.9821  0.1032 -0.2535 -0.6146 -1.1374 -1.3105 -1.2516 -1.3105 -1.1374 -0.6145 -0.2535  0.1032  0.9821  1.7233  1.5134  1.1550  1.5134
  1.2154  1.2543  0.5921 -0.1402 -0.3682 -0.3942 -0.4211 -0.1883  0.1855  0.3372  0.3607  0.3253  0.0319 -0.1283  0.3810  0.8893  0.5646  0.1310  0.4372
  0.7122  0.3332 -0.1129 -0.4565 -0.4134  0.1235  0.7792  1.3102  1.8281  2.2038  2.0876  1.3793  0.3176 -0.4834 -0.5032 -0.2040 -0.3623 -0.6734 -0.5558
  0.5669 -0.1735 -0.3309 -0.2861 -0.1508  0.4591  0.9745  0.8506  0.7569  1.0754  1.1813  0.7755  0.1567 -0.3734 -0.4696 -0.0534  0.3951  0.5332  0.4085
  0.7541 -0.0169  0.0169  0.0826 -0.0747  0.1301  0.1023 -0.6888 -1.1692 -0.7652 -0.3090 -0.1186  0.0998  0.1662  0.0921  0.3723  0.9576  1.2749  1.0942
  0.9423  0.3477  0.2628 -0.0707 -0.6133 -0.6475 -0.7542 -1.3954 -1.5415 -0.8644 -0.3242 -0.0872  0.2546  0.3851  0.1506  0.0647  0.2516  0.3775  0.3475
  1.0790  0.5795  0.2063 -0.4092 -0.9385 -0.8877 -0.8961 -1.2691 -1.1629 -0.5192 -0.1713 -0.1073  0.0217 -0.0377 -0.2428 -0.1961 -0.0262  0.0524  0.1159
  1.2737  0.8283  0.5732  0.5064  0.5733  0.5391 -0.0520 -0.8010 -0.8534 -0.5124 -0.4819 -0.5028 -0.3670 -0.4031 -0.3687  0.0703  0.4511  0.5298  0.5389
  1.4507  1.1760  1.6616  3.0141  4.2246  4.0570  2.3997  0.7500  0.2782  0.2529 -0.1375 -0.3567 -0.1769 -0.1556 -0.1490  0.1502  0.2324  0.0168  0.0265
  1.4486  1.3013  2.4272  5.0625  7.7110  8.3338  6.4204  3.7711  2.1741  1.3114  0.4630  0.0921  0.2533  0.1694 -0.0899 -0.1098 -0.3034 -0.6731 -0.5503
  1.2706  1.0187  1.8879  4.4746  7.9948 10.3744  9.7591  6.7241  3.5800  1.5144  0.3713  0.0577  0.1443 -0.1046 -0.4028 -0.1958  0.0195 -0.0579  0.0724
  1.0794  0.6873  0.7064  1.9435  4.8396  8.2822  9.5326  7.3994  3.9460  1.5038  0.3511 -0.0998 -0.3279 -0.6421 -0.7001 -0.1579  0.3859  0.4701  0.4477
  1.0219  0.7219  0.3113  0.2600  1.3749  3.8702  5.7704  5.1283  2.9920  1.3914  0.5027 -0.1922 -0.5599 -0.5558 -0.3613 -0.0505  0.1319  0.0573 -0.0389
  1.0474  0.9655  0.9092  0.7332  0.3918  0.7834  1.6503  1.5981  0.7320  0.1075 -0.2895 -0.5881 -0.2747  0.4411  0.7378  0.5665  0.4111  0.4229  0.4004
  0.9220  0.8673  1.3399  1.8362  1.2304  0.2304 -0.2098 -0.4821 -0.8130 -0.8809 -0.7622 -0.3516  0.6660  1.6411  1.7159  1.2870  1.1939  1.4396  1.4388
  0.5595  0.2523  0.7852  1.6318  1.4237  0.4561 -0.1393 -0.0892  0.3793  0.9138  1.1445  1.3097  1.7327  1.9143  1.4784  0.9612  0.8025  0.8481  0.8659
  0.2128 -0.3192 -0.1079  0.3331  0.3240  0.0830  0.2126  1.0735  2.4725  3.4374  3.2187  2.3446  1.5828  0.8966  0.2547 -0.0995 -0.3489 -0.5829 -0.3316
  0.1093 -0.1912 -0.1257 -0.3254 -0.5249 -0.2948  0.2343  1.0890  2.2452  2.8131  2.1545  1.0023  0.1840 -0.3272 -0.5232 -0.3000 -0.1268 -0.1944  0.1657
  0.1251  0.4957  0.7973  0.2993 -0.1896 -0.0093  0.3117  0.4056  0.4632  0.3474 -0.0788 -0.4011 -0.4300 -0.4199 -0.1995  0.5155  1.1644  1.1512  0.9662
10
  1.7233  0.9821  0.1032 -0.2535 -0.6146 -1.1374 -1.3105 -1.2516 -1.3105 -1.1374 -0.6145 -0.2535  0.1032  0.9822  1.7233  1.5134  1.1550  1.5134  1.7233
  1.3388  0.6680 -0.0778 -0.3091 -0.3476 -0.4286 -0.2865  0.0286  0.2073  0.3058  0.3291  0.0689 -0.0645  0.4683  0.9873  0.6419  0.1484  0.3904  0.6417
  0.4991 -0.0115 -0.4065 -0.3401  0.2400  0.8449  1.1994  1.5706  1.9738  1.9742  1.3353  0.3183 -0.4083 -0.3570 -0.0331 -0.2340 -0.6496 -0.6196 -0.4917
 -0.1733 -0.4722 -0.4777 -0.2164  0.6123  1.2642  1.0719  0.8292  1.0953  1.1708  0.6513 -0.0414 -0.5076 -0.4993 -0.0248  0.4379  0.5647  0.4619  0.2511
 -0.3390 -0.3834 -0.2165 -0.1251  0.3853  0.6328 -0.0625 -0.6271 -0.3512 -0.0872 -0.1929 -0.1962 -0.1499 -0.1359  0.2630  0.9831  1.3968  1.2699  0.9991
 -0.1344 -0.0314 -0.0234 -0.3460 -0.2801 -0.1856 -0.6054 -0.7217 -0.1912  0.1006  0.0464  0.1944  0.2669  0.0186 -0.0227  0.2913  0.5066  0.4831  0.4792
  0.1586  0.1752 -0.0974 -0.7114 -0.9181 -0.7939 -0.7187 -0.3368  0.2544  0.3723  0.2333  0.3359  0.3058 -0.0381 -0.2094 -0.1406 -0.0756  0.0389  0.1160
  0.3927  0.3174  0.1231 -0.3447 -0.7735 -1.0562 -1.0713 -0.5558  0.0158 -0.0045 -0.1899 -0.0416  0.0588  0.0025  0.1448  0.3009  0.2747  0.3269  0.2662
  0.4805  0.6166  1.1760  1.5899  1.3464  0.4454 -0.3400 -0.2575  0.1432 -0.0392 -0.4222 -0.3719 -0.1865 -0.0373  0.2683  0.3762  0.1105 -0.0098 -0.0092
  0.3524  0.8444  2.4210  4.4100  5.6413  5.2326  3.5934  2.0917  1.1735  0.3375 -0.2682 -0.2975 -0.2150 -0.2617 -0.1359 -0.0878 -0.3592 -0.4159 -0.1716
  0.1057  0.6638  2.5953  5.9124  9.6352 11.5194 10.0664  6.5371  3.2387  1.1529  0.2685  0.1633  0.0196 -0.3420 -0.3585 -0.1323 -0.1236 -0.0341  0.2832
 -0.0530  0.2431  1.5565  4.8071 10.0482 14.5848 14.9511 11.2466  6.6654  3.4134  1.6057  0.6790  0.0779 -0.3113 -0.2091  0.1086  0.1111  0.0495  0.2376
 -0.0629  0.0661  0.6057  2.5377  6.8208 11.9813 14.4718 12.9854  9.5462  6.0502  2.9538  0.7072 -0.2807 -0.3387 -0.0642  0.0709 -0.1139 -0.3020 -0.2570
  0.0112  0.3452  0.8678  1.6010  3.3641  6.4989  9.2623  9.9226  8.6255  6.0309  2.8111  0.4384 -0.1337  0.2579  0.4662  0.3886  0.3761  0.4653  0.3423
  0.1481  0.7843  1.8868  2.4358  2.2989  2.6513  3.7119  4.5877  4.6347  3.5444  1.7502  0.7364  1.1500  1.8191  1.7972  1.5438  1.6289  1.8033  1.4643
  0.2437  0.7906  2.1582  3.0561  2.6443  1.7191  1.2506  1.4972  2.0955  2.1942  1.6323  1.4686  2.1698  2.8205  2.7804  2.3414  1.8599  1.4879  1.1944
  0.0482  0.1303  1.0363  1.8843  2.0412  1.6910  1.3666  1.6994  2.6307  3.0209  2.3222  1.5267  1.4843  1.8717  2.0605  1.6405  0.6762  0.0043  0.2202
 -0.4190 -0.5631 -0.2927 -0.0406  0.3633  1.0221  1.6953  2.4955  3.3409  3.3685  2.2455  0.8832  0.1570  0.1288  0.3714  0.2876 -0.1882 -0.2872  0.3358
 -0.6815 -0.4701 -0.3386 -0.5974 -0.5096  0.3440  1.4272  2.1947  2.4339  2.0979  1.4358  0.7240  0.0223 -0.4562 -0.4627 -0.1706  0.1854  0.5767  0.7798
15
  0.9821  0.1032 -0.2535 -0.6146 -1.1374 -1.3105 -1.2516 -1.3105 -1.1374 -0.6146 -0.2535  0.1032  0.9822  1.7233  1.5135  1.1550  1.5134  1.7233  0.9821
  0.7404 -0.0148 -0.2451 -0.2922 -0.4241 -0.3710 -0.1185  0.0777  0.2430  0.3231  0.1004 -0.0007  0.5579  1.0881  0.7254  0.1771  0.3566  0.5819  0.1111
  0.1288 -0.3142 -0.2397  0.3645  0.9129  1.1008  1.3302  1.7514  1.8607  1.2986  0.3453 -0.2899 -0.1671  0.1671 -0.0890 -0.6117 -0.6632 -0.5155 -0.5734
 -0.4722 -0.5554 -0.2546  0.7068  1.4672  1.2437  0.8989  1.1339  1.1980  0.6036 -0.1198 -0.5027 -0.4113  0.0710  0.5024  0.6009  0.5295  0.4444  0.5512
 -0.6288 -0.4429 -0.2396  0.4604  0.9562  0.4302 -0.1256  0.0710  0.1755 -0.1742 -0.3493 -0.3113 -0.2470  0.2106  1.0345  1.5543  1.4910  1.2728  1.4546
 -0.3476 -0.0755 -0.2071 -0.0579  0.2238  0.0632  0.0419  0.4575  0.5045  0.1608  0.1217  0.1552 -0.0900 -0.0860  0.3683  0.7023  0.6716  0.6145  0.7976
 -0.0756  0.0771 -0.3624 -0.6384 -0.4014  0.0002  0.5427  1.0057  0.8563  0.4655  0.4809  0.5049  0.1340 -0.1781 -0.2091 -0.1965 -0.1047  0.0776  0.0813
 -0.1106 -0.1212 -0.6551 -1.1893 -1.1952 -0.7313  0.0025  0.5546  0.4644  0.1494  0.2226  0.3999  0.3382  0.2568  0.1541 -0.0522 -0.0408  0.1254 -0.0232
 -0.3237 -0.2260 -0.4225 -0.8429 -1.1590 -1.2009 -0.7883 -0.1503  0.0305 -0.2612 -0.4061 -0.2772 -0.0486  0.2735  0.4022  0.1379 -0.0802 -0.0938 -0.2621
 -0.4613  0.0774  0.7344  1.3549  1.6969  1.3220  0.5666  0.1185 -0.1663 -0.5808 -0.8325 -0.8126 -0.6835 -0.3795 -0.0674 -0.0834 -0.1954 -0.1680 -0.3036
 -0.4411  0.4604  1.9909  4.4411  7.0465  7.7109  5.8086  3.0782  1.0850  0.0604 -0.2357 -0.2836 -0.4847 -0.5818 -0.3733 -0.2013 -0.1076  0.1188  0.1901
 -0.3861  0.4305  2.1559  5.9243 11.1731 14.4828 13.4842  9.7168  5.9357  3.2580  1.6305  0.7023  0.1016 -0.1751 -0.1441 -0.1941 -0.3349 -0.1599  0.2108
 -0.4406  0.0641  1.3150  4.7653 10.7755 16.4672 18.4788 16.6511 12.8174  8.2617  4.0029  1.1620 -0.0113 -0.1829 -0.1298 -0.3130 -0.6096 -0.5977 -0.2998
 -0.4245  0.0273  0.7990  2.7100  6.8607 12.3427 16.5341 17.8061 15.9747 11.4769  5.9999  1.9799  0.2727 -0.1169 -0.1670 -0.1104  0.0379  0.1290 -0.0537
  0.0769  0.7509  1.4368  2.0319  3.4648  6.2825  9.5677 12.0080 12.4947 10.3626  6.6444  3.5659  2.0079  1.2661  0.9062  0.9991  1.2904  1.2800  0.7242
  0.9289  1.6396  2.3732  2.6851  2.7486  3.0097  3.6738  4.8918  6.1452  6.2064  4.9524  3.6462  2.9900  2.7321  2.6375  2.4360  1.8787  1.2106  0.6908
  1.2987  1.6530  2.1565  2.6602  2.9141  2.5661  1.7805  1.5412  2.1098  2.4132  1.9289  1.4094  1.5287  2.2840  3.0435  2.7661  1.4391  0.4115  0.2689
  0.8791  0.8436  0.8468  1.1185  1.6855  1.9699  1.6362  1.2603  1.1495  0.8464  0.2698 -0.1348 -0.0297  0.7497  1.6508  1.5239  0.5764  0.2680  0.6106
  0.5209  0.3842 -0.0124 -0.3280 -0.1140  0.4574  0.9639  1.2286  1.0890  0.7158  0.6266  0.6396  0.2646 -0.0679 -0.0059 -0.0690 -0.1021  0.5262  1.0338
20
  0.1032 -0.2535 -0.6146 -1.1374 -1.3105 -1.2516 -1.3105 -1.1374 -0.6146 -0.2535  0.1032  0.9822  1.7233  1.5135  1.1550  1.5135  1.7233  0.9821  0.1032
  0.0461 -0.1786 -0.2303 -0.4080 -0.4393 -0.2514 -0.0475  0.1745  0.3077  0.1249  0.0602  0.6460  1.1881  0.8128  0.2162  0.3365  0.5358  0.0716 -0.3765
 -0.1871 -0.1173  0.4917  0.9789  1.0143  1.1119  1.5434  1.7513  1.2687  0.3922 -0.1409  0.0519  0.3858  0.0674 -0.5616 -0.6895 -0.5122 -0.4880 -0.2272
 -0.5069 -0.2477  0.7516  1.5752  1.3448  0.9453  1.1784  1.2568  0.6284 -0.0848 -0.3690 -0.2166  0.2230  0.5745  0.6226  0.5905  0.6519  0.9068  1.4579
 -0.5309 -0.3662  0.3715  1.0326  0.6982  0.2338  0.4316  0.4538 -0.0556 -0.3380 -0.2932 -0.2210  0.2144  1.0751  1.6897  1.7132  1.5511  1.7542  2.2047
 -0.1599 -0.2268 -0.0969  0.2709  0.3355  0.4778  0.9009  0.8262  0.2761  0.0745  0.0680 -0.1750 -0.1403  0.4446  0.9215  0.8976  0.7384  0.8317  0.9526
  0.0913 -0.1373 -0.4399 -0.2030  0.3656  1.0189  1.4241  1.1249  0.5355  0.4101  0.4515  0.1387 -0.1851 -0.2334 -0.2434 -0.2229 -0.0528  0.0564 -0.0993
 -0.1962 -0.5265 -1.0081 -0.8762 -0.2028  0.5060  0.8790  0.7231  0.3639  0.3285  0.4889  0.4625  0.2882  0.0104 -0.3519 -0.4314 -0.1561 -0.0175 -0.1116
 -0.6567 -1.0275 -1.5820 -1.6657 -1.3328 -0.9112 -0.3644  0.1105  0.1471 -0.0827 -0.1894 -0.0717  0.1738  0.2640  0.0306 -0.2000 -0.2242 -0.3058 -0.3903
 -0.6429 -0.8768 -1.3192 -1.3446 -1.2404 -1.4130 -1.3202 -0.7718 -0.4974 -0.7410 -1.0048 -0.9837 -0.6812 -0.2581 -0.0093  0.0012 -0.1188 -0.4197 -0.7913
 -0.1645 -0.1540 -0.1965  0.6328  1.5682  1.2475  0.1624 -0.5005 -0.7080 -0.7964 -0.7801 -0.7921 -0.8360 -0.6413 -0.2780 -0.0440  0.0237 -0.0700 -0.3661
  0.1365  0.2688  0.7054  2.8813  5.8769  7.1007  5.9967  4.0837  2.4162  1.2071  0.4980  0.0664 -0.2667 -0.3647 -0.3112 -0.3610 -0.3770 -0.1627  0.0856
 -0.0933  0.0154  0.6450  3.4725  8.2234 12.1724 13.4375 12.3090  9.5849  6.0196  2.7755  0.7248 -0.1668 -0.3847 -0.4414 -0.6286 -0.7700 -0.5883 -0.2082
 -0.3448 -0.2483  0.1424  2.2001  6.6166 11.9267 16.0342 17.7523 16.4516 12.3373  7.2030  3.1339  0.7602 -0.3518 -0.6519 -0.5373 -0.3853 -0.3427 -0.3803
  0.1354  0.2548  0.2257  0.8742  3.1952  7.0481 11.4803 15.4253 17.3357 15.9707 12.0849  7.6544  3.8845  1.2663  0.1480  0.1551  0.3358  0.1996 -0.1226
  1.1930  1.2705  1.0381  0.9900  1.5316  2.6760  4.6850  7.9435 11.3882 12.9120 11.8083  9.0331  5.7521  3.1034  1.8252  1.3591  0.8044  0.1975 -0.1717
  1.8006  1.7630  1.5936  1.7379  1.9143  1.5026  0.9879  1.7206  3.6316  5.1325  5.3384  4.5055  3.2520  2.5008  2.5096  2.2007  1.1196  0.2415 -0.1176
  1.5362  1.3918  1.2158  1.4860  1.8545  1.4296  0.2930 -0.5070 -0.6935 -0.7037 -0.5343 -0.2394 -0.0164  0.6198  1.6432  1.8293  1.1241  0.8309  0.7933
  1.2293  0.9890  0.5364  0.4032  0.5882  0.4922  0.0252 -0.4652 -1.0766 -1.5873 -1.2536 -0.4694 -0.2082 -0.0676  0.4132  0.4998  0.3484  0.9259  1.4660
25
 -0.2535 -0.6146 -1.1374 -1.3105 -1.2516 -1.3105 -1.1374 -0.6146 -0.2535  0.1032  0.9821  1.7233  1.5135  1.1550  1.5135  1.7233  0.9821  0.1032 -0.2535
 -0.1124 -0.1640 -0.3810 -0.4896 -0.3661 -0.1644  0.1023  0.2829  0.1408  0.1151  0.7287  1.2835  0.9012  0.2648  0.3306  0.5038  0.0444 -0.4054 -0.2453
  0.0194  0.6179  1.0419  0.9424  0.9217  1.3557  1.6482  1.2418  0.4475  0.0206  0.2806  0.6088  0.2287 -0.5013 -0.7012 -0.4896 -0.3830 -0.1172  0.5829
 -0.1812  0.7727  1.6079  1.3799  0.9623  1.2192  1.3342  0.7054  0.0332 -0.1420  0.0541  0.4115  0.6400  0.6127  0.6233  0.8509  1.2524  1.8016  2.1364
 -0.4165  0.2222  0.9403  0.7651  0.4277  0.6920  0.7157  0.1398 -0.1803 -0.1072 -0.0604  0.2690  1.0737  1.7439  1.8820  1.8113  2.0176  2.4258  2.2520
 -0.2656 -0.2671  0.0480  0.2256  0.5310  1.0737  1.0411  0.4204  0.1091  0.0564 -0.2057 -0.1840  0.4786  1.0970  1.1214  0.8599  0.8090  0.9105  0.6913
  0.0143 -0.3560 -0.2842  0.2427  0.9478  1.4150  1.1574  0.4956  0.2126  0.2020 -0.0334 -0.2739 -0.2482 -0.2075 -0.2446 -0.1917 -0.1102 -0.1704 -0.2162
 -0.0628 -0.4454 -0.3694  0.2433  0.7908  0.9411  0.7238  0.3774  0.2425  0.3241  0.3420  0.1904 -0.1346 -0.5527 -0.6997 -0.4375 -0.1815 -0.1539  0.0129
 -0.2438 -0.6521 -0.6772 -0.3104 -0.1581 -0.0731  0.3275  0.6490  0.4983  0.1811  0.0706  0.1167  0.0599 -0.1726 -0.3340 -0.3108 -0.3337 -0.3937 -0.2161
  0.0920 -0.5887 -1.0821 -1.1749 -1.4249 -1.4451 -0.6225  0.2631  0.2627 -0.2733 -0.6168 -0.6198 -0.4109 -0.1283  0.0581 -0.0093 -0.3591 -0.7214 -0.8083
  0.7871 -0.2499 -1.2749 -1.5476 -1.7952 -2.1129 -1.7752 -1.0462 -0.6861 -0.6311 -0.6108 -0.6712 -0.6440 -0.3234  0.0369  0.0834 -0.1758 -0.4612 -0.5500
  1.0102 -0.1085 -1.1806 -0.9379 -0.2425 -0.1367 -0.3332 -0.4564 -0.5405 -0.4609 -0.2658 -0.2637 -0.3571 -0.2635 -0.1301 -0.1855 -0.2910 -0.2124  0.0388
  0.4586 -0.3353 -0.9601  0.0166  2.1077  3.8143  4.5185  4.2695  3.2123  1.8181  0.6388 -0.1456 -0.5353 -0.5650 -0.4555 -0.4435 -0.4766 -0.3259  0.0030
 -0.2217 -0.5858 -0.8307  0.2028  2.7532  5.9111  8.7376 10.4824 10.3916  8.4007  5.4712  2.6738  0.5324 -0.6761 -0.8865 -0.5864 -0.3952 -0.3458 -0.2042
 -0.2928 -0.4692 -0.6871 -0.2667  1.3514  4.2258  8.2500 12.7812 16.0710 16.5005 14.1182 10.0312  5.3901  1.6047 -0.1858 -0.3887 -0.2867 -0.3364 -0.2897
  0.1889  0.0169 -0.2178 -0.2398  0.1355  1.2883  4.1644  9.1603 14.5970 17.9199 17.9961 15.0238  9.9063  4.7305  1.5684  0.3717 -0.1458 -0.4817 -0.5996
  0.5526  0.4358  0.3646  0.4202  0.2965 -0.0023  0.6157  3.2092  6.9493 10.0104 11.4237 10.6828  7.7210  4.1638  1.9496  0.9854  0.3343 -0.1046 -0.4441
  0.4712  0.4378  0.4843  0.6955  0.7069  0.1385 -0.4876 -0.3730  0.2245  0.8567  1.7268  2.3188  1.7295  0.7541  0.6398  0.9048  0.8973  0.9441  0.7971
  0.3331  0.2693  0.1858  0.3166  0.5200  0.3000 -0.2275 -0.6654 -1.2944 -1.9882 -1.8070 -1.0252 -0.8042 -0.7741 -0.1309  0.4748  0.7108  1.2354  1.6482
30
 -0.6146 -1.1374 -1.3105 -1.2516 -1.3105 -1.1374 -0.6146 -0.2535  0.1032  0.9821  1.7233  1.5134  1.1550  1.5134  1.7233  0.9821  0.1032 -0.2535 -0.6146
 -0.0956 -0.3439 -0.5201 -0.4592 -0.2695  0.0287  0.2493  0.1469  0.1609  0.8021  1.3706  0.9879  0.3217  0.3388  0.4862  0.0289 -0.4272 -0.2937  0.0365
  0.7401  1.1035  0.8896  0.7656  1.1935  1.5520  1.2119  0.4968  0.1729  0.4967  0.8202  0.3881 -0.4316 -0.7001 -0.4555 -0.2714 -0.0170  0.5751  1.3256
  0.7968  1.5987  1.3706  0.9560  1.2506  1.4132  0.8021  0.1856  0.1214  0.3527  0.6090  0.6880  0.5623  0.6114  1.0197  1.5682  2.0781  2.2670  1.9641
  0.1331  0.8127  0.7259  0.4915  0.8396  0.9199  0.3552  0.0610  0.1902  0.1996  0.3603  1.0121  1.6744  1.9459  2.0278  2.2541  2.5865  2.4414  1.6444
 -0.3465 -0.1908 -0.0564  0.3112  0.9943  1.1280  0.5854  0.2524  0.1681 -0.1370 -0.1946  0.4456  1.1574  1.2792  0.9781  0.7857  0.8817  0.9846  1.3416
 -0.2590 -0.4761 -0.2098  0.4270  1.0266  0.9980  0.4380  0.0508 -0.0611 -0.2552 -0.4000 -0.2770 -0.1361 -0.1737 -0.2711 -0.3232 -0.2887  0.0341  1.3950
  0.1152 -0.0332  0.2937  0.6338  0.6585  0.4614  0.1867 -0.0036 -0.0014  0.0708  0.0135 -0.2581 -0.6248 -0.7765 -0.6078 -0.4142 -0.3543 -0.0990  0.9337
  0.6583  0.6772  0.9588  0.8572  0.4408  0.4778  0.8528  0.8702  0.5546  0.3260  0.1826 -0.0665 -0.3440 -0.4210 -0.3176 -0.3003 -0.3778 -0.2842 -0.0181
  1.3814  1.1176  1.0118  0.5851  0.0507  0.3901  1.3017  1.5470  0.9866  0.3510 -0.0644 -0.2969 -0.2797 -0.0704  0.0359 -0.1416 -0.3654 -0.3336 -0.2541
  1.8727  0.9112  0.1511 -0.4159 -0.9099 -0.7149  0.0732  0.5394  0.5047  0.3747  0.1582 -0.1535 -0.2496 -0.0864 -0.0077 -0.1732 -0.3108 -0.1250  0.2741
  1.6479  0.2693 -0.8660 -1.2803 -1.4896 -1.5682 -1.4293 -1.2289 -0.8472 -0.2102  0.2301  0.2155  0.0712  0.0292 -0.0393 -0.2118 -0.2984 -0.0562  0.4657
  0.8177 -0.2461 -1.1783 -1.2805 -0.9707 -0.7608 -0.7887 -0.9645 -0.9928 -0.7458 -0.5067 -0.4831 -0.5121 -0.3727 -0.0848  0.0873  0.0166  0.0090  0.2531
 -0.0875 -0.4944 -0.9424 -0.8775 -0.2218  0.7503  1.7676  2.5916  2.9501  2.6565  1.7763  0.5478 -0.6543 -1.1975 -0.7341  0.0518  0.2742  0.1438  0.2187
 -0.6457 -0.6433 -0.6777 -0.6024 -0.0627  1.2880  3.6801  6.8205  9.5965 10.8653 10.2741  7.8913  4.2112  0.8819 -0.4521 -0.2297 -0.0142 -0.1102 -0.0107
 -0.7084 -0.5833 -0.3667 -0.3070 -0.1784  0.7137  3.2308  7.5309 12.4006 16.2445 18.0289 16.7085 11.9178  5.8584  1.7391  0.1988 -0.2856 -0.5695 -0.6424
 -0.4014 -0.2249  0.0058 -0.0546 -0.2845 -0.1295  1.2097  4.1284  7.9965 11.9696 15.3096 16.1947 12.9686  7.2653  2.6990  0.6211 -0.0506 -0.3018 -0.5289
 -0.0412  0.0909  0.0935 -0.1661 -0.4509 -0.5777 -0.3412  0.4315  1.5148  3.0185  5.2811  6.9728  6.0316  3.1198  0.8813  0.2594  0.4464  0.7791  0.7924
  0.1070  0.0833 -0.0984 -0.3259 -0.3300 -0.3111 -0.4154 -0.5153 -0.8500 -1.2766 -0.8987  0.0189  0.0980 -0.5128 -0.5302  0.0713  0.6929  1.3190  1.6577
35
 -1.1374 -1.3105 -1.2516 -1.3105 -1.1374 -0.6146 -0.2535  0.1032  0.9821  1.7233  1.5134  1.1550  1.5134  1.7233  0.9821  0.1032 -0.2535 -0.6146 -1.1374
 -0.2976 -0.5300 -0.5278 -0.3597 -0.0444  0.2072  0.1419  0.1950  0.8627  1.4459  1.0702  0.3854  0.3611  0.4828  0.0245 -0.4423 -0.3407 -0.0336  0.3335
  1.1661  0.8609  0.6492  1.0606  1.4627  1.1726  0.5256  0.2949  0.6775  1.0035  0.5388 -0.3525 -0.6867 -0.4168 -0.1652  0.0632  0.5322  1.1821  2.1402
  1.5777  1.3428  0.9386  1.2713  1.4784  0.8845  0.3178  0.3549  0.6205  0.7830  0.7123  0.4743  0.5486  1.1409  1.8366  2.2784  2.2931  1.9070  1.7654
  0.7586  0.6825  0.4839  0.8809  1.0267  0.5153  0.2892  0.5023  0.4880  0.4595  0.8883  1.4701  1.8740  2.1767  2.4724  2.7153  2.5987  2.0611  1.9880
 -0.2246 -0.2673 -0.0067  0.7231  1.0529  0.7042  0.4590  0.3926  0.0429 -0.1522  0.3471  1.0588  1.3065  1.0756  0.8201  0.9626  1.5109  2.5827  4.9820
 -0.5749 -0.7085 -0.3063  0.3825  0.6884  0.4104  0.0488 -0.1524 -0.3558 -0.4636 -0.3077 -0.0917 -0.0803 -0.2830 -0.4730 -0.2796  0.6315  2.7388  6.7172
 -0.1547 -0.2309 -0.1001 -0.0410 -0.0435 -0.1248 -0.2832 -0.3217 -0.1885 -0.1325 -0.3134 -0.5725 -0.6839 -0.6593 -0.6475 -0.5739 -0.0875  1.2472  3.7919
  0.8144  0.9824  0.8428  0.2822  0.0811  0.4085  0.6097  0.5192  0.4254  0.2704 -0.0656 -0.3489 -0.3714 -0.2720 -0.2969 -0.4184 -0.3955 -0.1981  0.0549
  1.6858  1.8955  1.6996  1.0341  0.8677  1.4630  1.8668  1.6036  1.0598  0.4865 -0.0439 -0.3049 -0.2263 -0.0468  0.0195  0.0444  0.1882  0.2449 -0.1366
  1.7653  1.6238  1.4784  1.1485  1.0617  1.4516  1.7378  1.6049  1.3284  0.9671  0.4189 -0.1134 -0.3999 -0.4632 -0.3849 -0.1331  0.3452  0.8699  1.1455
  1.1511  0.6763  0.5714  0.6104  0.5535  0.4304  0.2217  0.1562  0.5298  1.0225  1.0753  0.6536  0.0869 -0.3380 -0.4864 -0.4118 -0.1698  0.2801  0.8164
  0.4862  0.0979 -0.0273  0.0704  0.0217 -0.3990 -1.0853 -1.4832 -1.1622 -0.4565  0.0304  0.1198  0.0077  0.0546  0.3876  0.5510  0.2536 -0.0021  0.1058
 -0.0074 -0.0748 -0.2214 -0.2826 -0.2823 -0.4741 -0.9178 -1.2367 -1.2042 -1.0682 -1.0621 -1.2321 -1.4212 -1.0084  0.2459  1.2422  1.0537  0.4592  0.3394
 -0.4265 -0.3072 -0.3287 -0.3990 -0.2702  0.0348  0.4938  1.2656  2.2080  2.9450  3.2180  2.5502  0.8010 -0.6533 -0.4339  0.5206  0.6164  0.1971  0.1818
 -0.5582 -0.4109 -0.2455 -0.2170 -0.0155  0.5601  1.6266  3.4118  5.8885  8.7924 11.4241 11.9540  9.0284  4.4428  1.3715  0.3356 -0.1621 -0.5866 -0.6450
 -0.1919 -0.0631  0.0181 -0.1540 -0.1089  0.3860  1.2532  2.7413  5.2720  9.1534 13.7828 16.4844 14.5211  8.9991  3.8398  1.0567 -0.0530 -0.4110 -0.4686
  0.3697  0.4082  0.1266 -0.4693 -0.6603 -0.3534 -0.0111  0.4477  1.5042  3.7543  7.3786 10.5803 10.5338  7.1428  3.2843  1.0829  0.4952  0.7133  0.9272
  0.6264  0.5595  0.1138 -0.5570 -0.7582 -0.6053 -0.6155 -0.6552 -0.6061 -0.3970  0.6308  2.3542  3.1996  2.4681  1.2906  0.7152  0.8586  1.4224  1.7561
40
 -1.3105 -1.2516 -1.3105 -1.1374 -0.6146 -0.2535  0.1032  0.9821  1.7233  1.5134  1.1550  1.5134  1.7233  0.9821  0.1032 -0.2535 -0.6145 -1.1374 -1.3105
 -0.5185 -0.5698 -0.4324 -0.1152  0.1573  0.1253  0.2155  0.9076  1.5063  1.1453  0.4542  0.3967  0.4933  0.0305 -0.4512 -0.3852 -0.1059  0.2686  0.9147
  0.8610  0.5773  0.9601  1.3799  1.1185  0.5225  0.3692  0.8041  1.1442  0.6748 -0.2627 -0.6595 -0.3788 -0.0746  0.1159  0.4549  1.0046  1.9700  3.2815
  1.3157  0.9224  1.2845  1.5215  0.9276  0.3841  0.4978  0.8002  0.9003  0.7122  0.3646  0.4423  1.2033  2.0421  2.3980  2.2181  1.7588  1.6931  2.3236
  0.6938  0.4578  0.8402  1.0195  0.5586  0.4068  0.7157  0.7092  0.5229  0.7138  1.1580  1.6690  2.2423  2.6714  2.8293  2.7198  2.4557  2.6856  3.7624
 -0.2598 -0.2646  0.3456  0.7962  0.6817  0.6164  0.6363  0.2722 -0.0742  0.2005  0.8067  1.1733  1.1298  0.9462  1.2194  2.2930  4.1529  7.0229 10.5982
 -0.9742 -0.9423 -0.3216  0.2751  0.3861  0.2075 -0.0117 -0.2543 -0.4001 -0.3148 -0.1114 -0.0420 -0.2584 -0.4785  0.0257  1.7603  4.7956  9.1315 14.0396
 -1.0008 -1.0612 -0.9008 -0.5952 -0.3604 -0.3864 -0.4348 -0.2733 -0.1446 -0.2638 -0.4256 -0.4923 -0.6417 -0.8483 -0.6649  0.3041  2.1555  4.8370  7.8887
 -0.2433 -0.2821 -0.6443 -0.7731 -0.4233 -0.0853  0.0876  0.2709  0.2780  0.0253 -0.1320 -0.0966 -0.1729 -0.4426 -0.6513 -0.5997 -0.3572 -0.1112  0.1320
  0.4372  0.5534  0.1622 -0.0819  0.2843  0.7705  0.9411  0.8324  0.4765  0.0408 -0.1417 -0.0844 -0.0241  0.0396  0.2077  0.4199  0.4133 -0.0932 -0.8850
  0.1867  0.4407  0.5718  0.6766  0.9583  1.2206  1.2469  1.0864  0.7701  0.3146 -0.1734 -0.6215 -0.8872 -0.7164 -0.0957  0.6656  1.2020  1.2823  1.0543
 -0.4655 -0.1553  0.5140  1.0903  1.3346  1.2361  1.0073  0.9878  1.1787  1.2021  0.7851 -0.0137 -0.8197 -1.1298 -0.8453 -0.3822 -0.0362  0.2463  0.4699
 -0.5298 -0.2514  0.3936  1.0331  1.2834  0.9828  0.4573  0.3175  0.6560  1.0108  1.0770  0.8293  0.4371  0.3319  0.5520  0.4371 -0.1725 -0.5664 -0.5515
 -0.1577 -0.0196  0.1172  0.3601  0.5432  0.2912 -0.2915 -0.6989 -0.8813 -1.0430 -1.0202 -0.7648 -0.3960  0.4376  1.6486  2.0113  1.1222  0.2605  0.1039
 -0.0246 -0.0669 -0.3172 -0.4399 -0.3456 -0.4028 -0.7022 -0.9845 -1.2956 -1.6044 -1.5358 -1.3393 -1.4574 -1.1264  0.2028  1.1941  0.8597  0.2599  0.2352
 -0.1001 -0.2204 -0.4586 -0.6478 -0.5475 -0.3902 -0.3583 -0.1752  0.3939  1.5452  3.2272  4.1803  3.1476  1.2068  0.2486  0.0713 -0.3369 -0.6890 -0.6313
 -0.0821 -0.1467 -0.2589 -0.4529 -0.3024  0.0247  0.1536  0.5156  1.8144  4.4014  7.9565 10.6407 10.2193  7.0022  3.4704  1.1058 -0.1330 -0.4673 -0.3568
 -0.0343 -0.0036 -0.0983 -0.3904 -0.2513  0.1252  0.1478  0.2832  1.2711  3.3279  6.5436  9.9833 11.3039  9.3361  5.6263  2.4558  0.9309  0.8445  1.1214
 -0.0321  0.0945  0.0401 -0.2899 -0.2483 -0.0286 -0.1556 -0.1384  0.3520  0.9857  2.2685  4.7280  6.9189  6.9044  4.8443  2.5381  1.4491  1.6217  1.9250
45
 -1.2516 -1.3105 -1.1374 -0.6146 -0.2535  0.1032  0.9821  1.7233  1.5134  1.1550  1.5134  1.7233  0.9821  0.1032 -0.2535 -0.6145 -1.1374 -1.3105 -1.2516
 -0.5839 -0.4858 -0.1820  0.1008  0.0969  0.2210  0.9348  1.5494  1.2106  0.5263  0.4450  0.5171  0.0459 -0.4542 -0.4261 -0.1779  0.1948  0.8738  1.2851
  0.5530  0.8936  1.3032  1.0471  0.4814  0.3853  0.8635  1.2311  0.7909 -0.1610 -0.6158 -0.3442 -0.0076  0.1371  0.3480  0.8037  1.7700  3.1711  3.9072
  0.9160  1.2970  1.5453  0.9244  0.3619  0.5118  0.8492  0.9349  0.6914  0.2583  0.3118  1.2038  2.1711  2.4348  2.0522  1.5235  1.5337  2.2818  2.7913
  0.4455  0.7601  0.9245  0.4733  0.3576  0.7419  0.7726  0.5020  0.5081  0.7975  1.3707  2.2232  2.8375  2.9220  2.7747  2.7345  3.2070  4.2574  4.8729
 -0.3619 -0.0246  0.4036  0.4681  0.6092  0.7615  0.4260 -0.0287  0.0205  0.4570  0.9069  1.1323  1.1600  1.6455  3.2456  5.8390  9.0229 12.0834 13.4394
 -1.1944 -0.8383 -0.1513  0.3044  0.4058  0.2508 -0.0351 -0.2589 -0.3057 -0.1974 -0.0898 -0.2170 -0.2903  0.7220  3.4636  7.5003 12.0303 15.9712 17.6135
 -1.5134 -1.3363 -0.8324 -0.3077 -0.1637 -0.2336 -0.1283 -0.0111 -0.1318 -0.2471 -0.2806 -0.5791 -0.9349 -0.4466  1.3050  3.8807  6.6673  8.9944  9.9396
 -0.9925 -1.1112 -1.1042 -0.7463 -0.4282 -0.2034  0.1286  0.2871  0.1749  0.2343  0.3779  0.0136 -0.7130 -1.0713 -0.8446 -0.3751  0.0011  0.1637  0.1905
 -0.4706 -0.6874 -0.9267 -0.7857 -0.4768 -0.1592  0.1064  0.0887 -0.0224  0.2272  0.5570  0.4264  0.0886  0.0336  0.1617  0.1034 -0.3501 -1.0529 -1.4170
 -0.8374 -0.8193 -0.7250 -0.5770 -0.4410 -0.2729 -0.1562 -0.2656 -0.4159 -0.3733 -0.3845 -0.5863 -0.5237  0.0828  0.8600  1.3327  1.3165  0.9619  0.7431
 -1.4212 -1.1131 -0.4877 -0.0281  0.1550  0.2231  0.2512  0.2289  0.1698 -0.0051 -0.4543 -1.0710 -1.3951 -1.1333 -0.5637 -0.1537  0.0023  0.0775  0.1166
 -1.1313 -0.8409 -0.1755  0.5038  0.9673  1.1571  1.2307  1.3457  1.3790  1.2180  0.9735  0.6584  0.2916  0.1283  0.0839 -0.2987 -0.8552 -1.0222 -0.9603
 -0.2972 -0.2939 -0.1605  0.2489  0.7545  1.0821  1.3092  1.4462  1.1589  0.6491  0.6397  1.0774  1.4306  1.8089  2.1261  1.6400  0.5686 -0.0112 -0.0617
  0.1332 -0.0606 -0.4153 -0.5471 -0.4157 -0.1984  0.0950  0.1896 -0.4624 -1.4458 -1.6614 -1.1831 -0.7392 -0.0554  0.9742  1.2994  0.7145  0.2833  0.2515
  0.0519 -0.0646 -0.4155 -0.8294 -1.0579 -1.0764 -0.9119 -0.7400 -0.9761 -1.4089 -1.3040 -0.9234 -1.0332 -1.1833 -0.7594 -0.4165 -0.5804 -0.6724 -0.6052
 -0.2341 -0.1399 -0.1680 -0.4605 -0.6432 -0.6950 -0.7238 -0.4478  0.1350  0.8200  1.8434  3.0214  3.3788  2.6309  1.4609  0.3639 -0.3481 -0.4234 -0.2968
 -0.6089 -0.3584 -0.1079 -0.1507 -0.0282  0.1136 -0.0286  0.1700  0.9920  1.9291  3.2743  5.5294  7.4861  7.3773  5.2145  2.6081  1.1140  0.9980  1.2094
 -0.8106 -0.5106 -0.1668 -0.0995  0.1873  0.4539  0.2831  0.3868  1.1045  1.8318  3.0505  5.7308  8.5876  9.0696  6.7238  3.5861  1.8118  1.7295  2.0035
50
 -1.3105 -1.1374 -0.6146 -0.2535  0.1032  0.9821  1.7233  1.5134  1.1550  1.5134  1.7233  0.9821  0.1032 -0.2535 -0.6146 -1.1374 -1.3105 -1.2516 -1.3105
 -0.5185 -0.2432  0.0387  0.0575  0.2114  0.9433  1.5736  1.2641  0.5995  0.5046  0.5535  0.0699 -0.4514 -0.4619 -0.2470  0.1150  0.8120  1.2707  0.9147
  0.8610  1.2322  0.9584  0.4024  0.3415  0.8512  1.2582  0.8829 -0.0465 -0.5524 -0.3138  0.0312  0.1254  0.2194  0.5931  1.5529  3.0137  3.8745  3.2815
  1.3157  1.5603  0.8865  0.2575  0.3924  0.7530  0.8745  0.6575  0.1840  0.1842  1.1461  2.2122  2.3880  1.8114  1.2157  1.2864  2.1129  2.7158  2.3236
  0.6938  0.8105  0.3120  0.1574  0.5569  0.6302  0.3649  0.2967  0.4643  1.0458  2.1320  2.9461  2.9639  2.7154  2.7940  3.4040  4.3381  4.6460  3.7624
 -0.2598  0.0071  0.1212  0.4043  0.6733  0.3866 -0.1001 -0.1857  0.0955  0.5861  1.0956  1.4189  2.1465  4.1690  7.2961 10.5731 12.9415 13.0910 10.5982
 -0.9742 -0.4659  0.1359  0.4910  0.4367  0.1062 -0.1896 -0.3382 -0.3323 -0.1973 -0.1472  0.1028  1.7819  5.5798 10.5055 14.9869 17.7226 17.4755 14.0396
 -1.0008 -0.5855  0.0174  0.2756  0.1489  0.1014  0.1280 -0.0313 -0.1390 -0.1275 -0.4507 -0.7484  0.3073  3.0917  6.4641  9.2111 10.6299 10.1687  7.8887
 -0.2433 -0.2730 -0.0568  0.0619  0.0542  0.2488  0.3933  0.3272  0.5404  0.8224  0.2408 -0.9291 -1.3854 -0.8223  0.0012  0.5410  0.6730  0.4511  0.1320
  0.4372  0.0986 -0.0819 -0.2597 -0.3294 -0.1243 -0.0085  0.0804  0.7231  1.4495  1.1957  0.2419 -0.3701 -0.5238 -0.6521 -0.8842 -1.1857 -1.3129 -0.8850
  0.1867  0.0024 -0.2383 -0.6920 -0.9594 -0.8672 -0.8311 -0.7605 -0.1820  0.5002  0.6178  0.5012  0.7046  1.0536  1.2584  1.3056  1.1634  0.9752  1.0543
 -0.4655 -0.3527 -0.3509 -0.6440 -0.7857 -0.6959 -0.7437 -0.8716 -0.8073 -0.7142 -0.7630 -0.7435 -0.5262 -0.2276  0.0754  0.3379  0.4966  0.5480  0.4699
 -0.5298 -0.4431 -0.2877 -0.0963  0.2534  0.5838  0.6758  0.5350  0.2160 -0.0911 -0.1374 -0.0934 -0.2614 -0.4965 -0.6374 -0.7906 -0.8281 -0.6366 -0.5515
 -0.1577 -0.3081 -0.2762  0.1067  0.7059  1.2885  1.7675  1.8682  1.3663  0.9064  1.2124  1.7550  1.7760  1.5380  1.2699  0.7013  0.1571  0.0769  0.1039
 -0.0246 -0.1818 -0.2796 -0.1829  0.0742  0.5442  1.2116  1.4760  0.8351  0.0911  0.2500  0.7909  0.9045  0.9745  1.2065  1.0168  0.5412  0.3444  0.2352
 -0.1001  0.0020 -0.0018 -0.2196 -0.4501 -0.3955 -0.0021  0.2781 -0.1171 -0.8822 -1.2543 -1.3431 -1.5340 -1.4060 -0.8182 -0.4840 -0.5500 -0.5738 -0.6313
 -0.0821  0.2029  0.3379  0.0572 -0.2877 -0.4893 -0.5065 -0.2294 -0.0388 -0.4048 -0.9369 -1.0732 -0.8967 -0.5964 -0.3079 -0.3015 -0.4404 -0.3851 -0.3568
 -0.0343  0.2106  0.2965  0.0158 -0.1369 -0.2090 -0.3996 -0.2317  0.2054  0.1606  0.0603  0.9489  2.3805  3.0119  2.4601  1.4330  0.8561  0.9815  1.1214
 -0.0321  0.0945  0.0401 -0.2899 -0.2483 -0.0286 -0.1556 -0.1384  0.3520  0.9857  2.2685  4.7280  6.9189  6.9044  4.8443  2.5381  1.4491  1.6217  1.9250
55
 -1.1374 -0.6145 -0.2535  0.1032  0.9821  1.7233  1.5134  1.1550  1.5134  1.7233  0.9821  0.1032 -0.2535 -0.6146 -1.1374 -1.3105 -1.2516 -1.3105 -1.1374
 -0.2976 -0.0274  0.0081  0.1872  0.9332  1.5781  1.3038  0.6717  0.5741  0.6017  0.1021 -0.4428 -0.4912 -0.3102  0.0322  0.7316  1.2282  0.9332  0.3335
  1.1661  0.8549  0.2917  0.2455  0.7723  1.2257  0.9479  0.0801 -0.4666 -0.2859  0.0403  0.0827  0.0794  0.3886  1.3339  2.8194  3.7788  3.3387  2.1402
  1.5777  0.8370  0.1032  0.1704  0.5302  0.7260  0.6200  0.1660  0.0873  1.0398  2.1583  2.2589  1.5174  0.8638  0.9703  1.8281  2.5009  2.2497  1.7654
  0.7586  0.1699 -0.1089  0.2186  0.3065  0.1190  0.1106  0.2312  0.7682  1.9910  2.9688  2.9144  2.4976  2.5611  3.1760  3.9333  3.9885  2.9728  1.9880
 -0.2246 -0.2035  0.0913  0.3963  0.1321 -0.3214 -0.4007 -0.1866  0.3109  1.0442  1.6486  2.5593  4.7947  8.1367 11.2377 12.8600 12.0217  8.7613  4.9820
 -0.5749 -0.0800  0.3986  0.4208  0.0268 -0.3212 -0.4725 -0.4875 -0.3084 -0.0357  0.6352  3.0128  7.7262 13.2297 17.3299 18.7654 16.9076 12.1742  6.7172
 -0.1547  0.2779  0.5715  0.3951  0.1530  0.0565 -0.1148 -0.1996 -0.0959 -0.2389 -0.1608  1.7428  5.6896  9.7339 12.1139 12.4024 10.6380  7.3234  3.7919
  0.8144  0.8462  0.8077  0.5274  0.4256  0.4299  0.3085  0.5223  0.9130  0.3642 -0.8759 -1.1083  0.0145  1.1978  1.6769  1.5850  1.0929  0.4726  0.0549
  1.6858  1.4938  1.0608  0.4782  0.2884  0.2966  0.3366  1.0009  1.9095  1.6278  0.2149 -0.8914 -1.3044 -1.5379 -1.5939 -1.3918 -1.1410 -0.7448 -0.1366
  1.7653  1.7386  1.0041  0.0425 -0.3091 -0.3093 -0.2173  0.4942  1.5589  1.9181  1.5980  1.3205  1.0774  0.8002  0.8928  1.2466  1.3464  1.2400  1.1455
  1.1511  1.3431  0.6447 -0.2215 -0.4747 -0.5161 -0.6548 -0.4801 -0.0263  0.3042  0.5923  0.8467  0.7547  0.5655  0.7955  1.2335  1.3885  1.2151  0.8164
  0.4862  0.5962  0.2331 -0.0074  0.1023  0.0820 -0.2057 -0.5184 -0.8163 -0.9284 -0.6666 -0.4753 -0.7205 -0.9366 -0.7558 -0.4270 -0.1032  0.1478  0.1058
 -0.0074 -0.0902 -0.0955  0.1826  0.5056  0.6090  0.5670  0.3166 -0.1816 -0.3496  0.1081  0.4626  0.3055  0.1602  0.1778  0.0820  0.0983  0.3102  0.3394
 -0.4265 -0.4364 -0.1805  0.1569  0.3475  0.4818  0.6982  0.7178  0.4094  0.3680  0.8517  1.1356  0.9352  0.8528  0.9192  0.6841  0.3981  0.3242  0.1818
 -0.5582 -0.3422  0.0613  0.2837  0.3050  0.2994  0.3883  0.5143  0.5154  0.4458  0.3593 -0.0012 -0.5136 -0.5432 -0.1720 -0.1245 -0.3925 -0.5505 -0.6450
 -0.1919  0.0228  0.2988  0.3737  0.3872  0.2895  0.1269  0.2694  0.5389  0.3300 -0.3417 -1.0257 -1.3856 -1.1481 -0.5312 -0.2567 -0.4206 -0.5104 -0.4686
  0.3697  0.3804  0.2362 -0.0519 -0.0929 -0.0988 -0.2830 -0.2308 -0.0891 -0.4804 -1.0186 -0.9737 -0.5672 -0.1909  0.1705  0.3979  0.5002  0.7456  0.9272
  0.6264  0.5595  0.1138 -0.5570 -0.7582 -0.6053 -0.6155 -0.6552 -0.6061 -0.3970  0.6308  2.3542  3.1996  2.4681  1.2906  0.7152  0.8586  1.4224  1.7561
60
 -0.6146 -0.2535  0.1032  0.9821  1.7233  1.5134  1.1550  1.5134  1.7233  0.9821  0.1032 -0.2535 -0.6146 -1.1374 -1.3105 -1.2516 -1.3105 -1.1374 -0.6146
 -0.0956 -0.0493  0.1500  0.9056  1.5631  1.3284  0.7406  0.6516  0.6608  0.1419 -0.4281 -0.5124 -0.3651 -0.0504  0.6355  1.1587  0.9283  0.3870  0.0365
  0.7401  0.1598  0.1121  0.6402  1.1391  0.9838  0.2155 -0.3571 -0.2573  0.0219  0.0135 -0.0613  0.2060  1.1289  2.6010  3.6262  3.3403  2.2714  1.3256
  0.7968 -0.0566 -0.0968  0.2301  0.5151  0.5884  0.2177  0.0419  0.8969  2.0082  2.0523  1.1973  0.5094  0.6267  1.4636  2.1797  2.0879  1.7643  1.9641
  0.1331 -0.3278 -0.1537 -0.1028 -0.1801 -0.0136  0.1500  0.5965  1.8228  2.8829  2.7420  2.1086  2.0330  2.5201  3.0615  2.9744  2.0220  1.2582  1.6444
 -0.3465 -0.1696  0.0719 -0.2261 -0.6239 -0.5728 -0.3110  0.1668  0.9984  1.7643  2.7057  4.8732  8.0622 10.7177 11.6289 10.2059  6.7484  3.1715  1.3416
 -0.2590  0.1998  0.2579 -0.2196 -0.6193 -0.6815 -0.6075 -0.3661  0.0957  1.1372  4.0514  9.3414 14.9824 18.3559 18.5125 15.5649 10.3091  4.8790  1.3950
  0.1152  0.4302  0.2992 -0.0847 -0.2919 -0.4163 -0.4272 -0.1891  0.0241  0.7617  3.6925  8.7618 13.2130 14.8204 13.7277 10.8349  6.9479  3.2979  0.9337
  0.6583  0.7512  0.5002  0.2276  0.1235 -0.0379  0.0818  0.5271  0.3207 -0.3889  0.1409  2.1156  3.6104  3.6112  2.8066  1.8330  0.9192  0.3187 -0.0181
  1.3814  1.4191  0.8969  0.4693  0.3623  0.2847  0.6556  1.4074  1.1843 -0.2311 -1.3378 -1.6351 -1.8793 -2.0284 -1.6437 -1.1055 -0.7636 -0.4495 -0.2541
  1.8727  2.0020  1.1102  0.4168  0.3255  0.3732  0.8347  1.7407  2.0515  1.5223  0.9740  0.4867 -0.1237 -0.1431  0.6499  1.2423  1.0945  0.6753  0.2741
  1.6479  1.8488  0.9281  0.3111  0.2831  0.2543  0.4232  0.9660  1.3677  1.5822  1.8191  1.6152  0.9576  0.8210  1.4073  1.7820  1.5326  1.0248  0.4657
  0.8177  0.9538  0.4743  0.3100  0.3203  0.0761 -0.1252 -0.1738 -0.3287 -0.3692 -0.1947 -0.3302 -0.7374 -0.7126 -0.2607  0.0892  0.2963  0.4117  0.2531
 -0.0875 -0.0442 -0.0256  0.1521  0.1153 -0.1849 -0.3809 -0.5643 -0.9562 -1.2151 -1.1587 -1.1098 -1.0191 -0.6348 -0.2846 -0.1958 -0.0122  0.2491  0.2187
 -0.6457 -0.5569 -0.3048 -0.1017 -0.1603 -0.3236 -0.3140 -0.2104 -0.2116 -0.2365 -0.2351 -0.2921 -0.1856  0.2507  0.5486  0.3944  0.2009  0.1519 -0.0107
 -0.7084 -0.5393 -0.2643 -0.0588  0.0590  0.0387  0.0398  0.3549  0.8214  0.9748  0.6577  0.0832 -0.2785 -0.0726  0.2869  0.1328 -0.3414 -0.5924 -0.6424
 -0.4014 -0.3208 -0.1690  0.0789  0.4412  0.5226  0.4059  0.7191  1.2635  1.2528  0.6606 -0.0563 -0.5586 -0.4795 -0.0230 -0.0447 -0.5668 -0.7627 -0.5289
 -0.0412 -0.1070 -0.1870 -0.1180  0.2129  0.3463  0.2178  0.3044  0.3303 -0.1770 -0.6879 -0.8170 -0.9278 -0.8462 -0.2703  0.1629  0.1713  0.3903  0.7924
  0.1070  0.0833 -0.0984 -0.3259 -0.3300 -0.3111 -0.4154 -0.5153 -0.8500 -1.2766 -0.8987  0.0189  0.0980 -0.5128 -0.5302  0.0713  0.6929  1.3190  1.6577
65
 -0.2535  0.1032  0.9821  1.7233  1.5134  1.1550  1.5134  1.7233  0.9821  0.1032 -0.2535 -0.6146 -1.1374 -1.3105 -1.2516 -1.3105 -1.1374 -0.6146 -0.2535
 -0.1124  0.1021  0.8624  1.5296  1.3372  0.8038  0.7351  0.7296  0.1889 -0.4070 -0.5243 -0.4094 -0.1299  0.5270  1.0646  0.9000  0.4272  0.1020 -0.2453
  0.0194 -0.0389  0.4742  1.0092  0.9896  0.3540 -0.2251 -0.2234 -0.0181 -0.0753 -0.1919  0.0591  0.9529  2.3726  3.4262  3.2877  2.3584  1.4289  0.5829
 -0.1812 -0.3420 -0.0802  0.2810  0.5700  0.3373  0.0564  0.7295  1.7673  1.7775  0.8804  0.2017  0.3138  1.0769  1.8016  1.8739  1.7093  1.9336  2.1364
 -0.4165 -0.4313 -0.4642 -0.4432 -0.0407  0.2387  0.5560  1.6422  2.6793  2.4419  1.5860  1.2974  1.5566  1.8546  1.7366  1.0379  0.6035  1.2645  2.2520
 -0.2656 -0.1358 -0.4995 -0.8542 -0.6151 -0.2249  0.1995  0.9683  1.7078  2.4714  4.2804  6.9897  8.9976  9.2897  7.7226  4.6687  1.7041  0.4902  0.6913
  0.0143  0.1175 -0.4089 -0.8654 -0.8136 -0.5957 -0.3192  0.1970  1.3850  4.4654  9.8317 15.1530 17.5755 16.6134 13.1822  8.2382  3.4544  0.6032 -0.2162
 -0.0628 -0.0053 -0.3967 -0.6767 -0.7305 -0.6527 -0.3161  0.2582  1.7020  5.5623 11.4762 16.0301 16.6212 14.0572 10.2635  6.2939  2.9471  0.8768  0.0129
 -0.2438 -0.1473 -0.3355 -0.4315 -0.5486 -0.5193 -0.0712  0.2632  0.5828  2.3158  5.3281  7.0952  6.3035  4.2820  2.4794  1.2310  0.5206  0.1293 -0.2161
  0.0920  0.1595 -0.1070 -0.1721 -0.2494 -0.1912  0.2489  0.2154 -0.6653 -1.1844 -0.9211 -0.9577 -1.4426 -1.4773 -1.0915 -0.8813 -0.8185 -0.7715 -0.8083
  0.7871  0.7090  0.1564  0.0529  0.1160  0.2553  0.6947  0.7696  0.1084 -0.4713 -0.7229 -1.1493 -1.2654 -0.4265  0.5109  0.5351 -0.0074 -0.4119 -0.5500
  1.0102  0.8678  0.2912  0.2534  0.3817  0.5065  0.8954  1.1686  1.1314  1.2559  1.3350  0.8449  0.4369  0.8362  1.3651  1.2235  0.7142  0.3280  0.0388
  0.4586  0.4098  0.2035  0.3265  0.3654  0.3539  0.5541  0.5925  0.3491  0.2858  0.3068  0.0078 -0.2738 -0.1523  0.0345  0.0500  0.1170  0.1908  0.0030
 -0.2217 -0.1908 -0.1023  0.0567  0.0145 -0.0217  0.0897 -0.0684 -0.6514 -1.1976 -1.3743 -1.2068 -0.7852 -0.3796 -0.3010 -0.3793 -0.2695 -0.1211 -0.2042
 -0.2928 -0.3132 -0.3583 -0.3536 -0.3043 -0.1785  0.0266  0.1381 -0.1220 -0.7233 -1.1808 -1.0667 -0.4644  0.1700  0.4203  0.2663  0.0256 -0.1400 -0.2897
  0.1889  0.0550 -0.3081 -0.4461 -0.2141  0.0129  0.2289  0.7123  1.0227  0.5983 -0.1482 -0.5475 -0.4906 -0.0864  0.3287  0.2302 -0.2642 -0.5700 -0.5996
  0.5526  0.3518 -0.1319 -0.2732  0.0422  0.2016  0.2881  0.8361  1.3108  1.0252  0.4770  0.1304 -0.1876 -0.2572 -0.0297 -0.2280 -0.8035 -0.8587 -0.4441
  0.4712  0.3062 -0.0316 -0.0696  0.2160  0.2510  0.1246  0.2683  0.2055 -0.2995 -0.4162 -0.1056 -0.1794 -0.3349 -0.0708 -0.0465 -0.2925  0.0985  0.7971
  0.3331  0.2693  0.1858  0.3166  0.5200  0.3000 -0.2275 -0.6654 -1.2944 -1.9882 -1.8070 -1.0252 -0.8042 -0.7741 -0.1309  0.4748  0.7108  1.2354  1.6482
70
  0.1032  0.9821  1.7233  1.5134  1.1550  1.5135  1.7233  0.9821  0.1032 -0.2535 -0.6146 -1.1374 -1.3105 -1.2516 -1.3105 -1.1374 -0.6146 -0.2535  0.1032
  0.0461  0.8063  1.4794  1.3297  0.8591  0.8220  0.8068  0.2428 -0.3793 -0.5257 -0.4413 -0.2035  0.4094  0.9487  0.8491  0.4527  0.1612 -0.1965 -0.3765
 -0.1871  0.2966  0.8495  0.9646  0.4873 -0.0743 -0.1794 -0.0708 -0.1747 -0.3034 -0.0424  0.8176  2.1475  3.1901  3.1856  2.4000  1.4904  0.5594 -0.2272
 -0.5069 -0.3321  0.0668  0.5666  0.5072  0.1251  0.5484  1.4491  1.4491  0.5936 -0.0129  0.0940  0.7354  1.4238  1.6451  1.6202  1.8243  1.9061  1.4579
 -0.5309 -0.6594 -0.5818  0.0492  0.4755  0.6321  1.4519  2.3662  2.0435  1.0167  0.5184  0.5095  0.5456  0.4613  0.1380  0.0851  0.9413  2.0156  2.2047
 -0.1599 -0.5431 -0.8605 -0.4480  0.0820  0.4047  0.9578  1.4845  1.8787  3.1023  5.1221  6.4034  6.2036  4.8401  2.6412  0.5882 -0.0204  0.5470  0.9526
  0.0913 -0.3491 -0.8135 -0.6754 -0.3461 -0.1220  0.2444  1.2407  3.9805  8.8405 13.4578 14.9217 13.1705  9.8285  5.8658  2.2224  0.1196 -0.3334 -0.0993
 -0.1962 -0.4359 -0.7154 -0.7165 -0.6087 -0.3203  0.3903  2.2422  6.5541 12.7433 17.0900 16.7552 13.0232  8.7045  5.0752  2.3893  0.7628  0.0242 -0.1116
 -0.6567 -0.6839 -0.7114 -0.7381 -0.7779 -0.4166  0.4015  1.8464  4.7996  8.6742 10.6016  9.0442  5.7491  2.9600  1.3202  0.5815  0.2289 -0.1543 -0.3903
 -0.6429 -0.7518 -0.7295 -0.7046 -0.7980 -0.5980 -0.2850 -0.2251  0.1852  1.0904  1.2962  0.4346 -0.3936 -0.6773 -0.8249 -0.9412 -0.9558 -0.9505 -0.7913
 -0.1645 -0.5543 -0.6674 -0.5689 -0.5897 -0.5126 -0.5592 -1.1281 -1.6436 -1.6415 -1.6211 -1.6031 -1.0070 -0.2105 -0.0817 -0.4990 -0.7863 -0.6947 -0.3661
  0.1365 -0.3304 -0.4970 -0.3685 -0.2693 -0.0608  0.0379 -0.2644 -0.4119 -0.0749  0.1480  0.0973  0.2963  0.6586  0.6560  0.3559  0.1691  0.1569  0.0856
 -0.0933 -0.3342 -0.3403 -0.2016 -0.0362  0.3100  0.5050  0.2456  0.0525  0.3118  0.5980  0.5735  0.3937  0.1906  0.0183 -0.0087  0.0718  0.0502 -0.2082
 -0.3448 -0.4302 -0.3311 -0.1572  0.1002  0.4323  0.4555 -0.0159 -0.5900 -0.7904 -0.4791  0.0633  0.3265  0.1415 -0.1592 -0.3197 -0.3924 -0.4176 -0.3803
  0.1354 -0.1287 -0.2807 -0.1192  0.3102  0.5917  0.5173  0.2503 -0.2203 -0.7678 -0.7803 -0.1602  0.3810  0.5324  0.5358  0.3520 -0.0546 -0.2877 -0.1226
  1.1930  0.6533  0.0341 -0.0114  0.4160  0.5918  0.5922  0.8471  0.8195  0.1644 -0.2840 -0.1672 -0.0531  0.0813  0.4653  0.5335  0.0735 -0.2601 -0.1717
  1.8006  1.2239  0.3214 -0.0796  0.0376  0.0390  0.1463  0.7129  0.9461  0.5160  0.3417  0.4621  0.0884 -0.3619 -0.2830 -0.2851 -0.5585 -0.4624 -0.1176
  1.5362  1.1329  0.3303 -0.1823 -0.2484 -0.2999 -0.2411  0.0739  0.0445 -0.2439  0.1539  0.8045  0.5348 -0.1441 -0.3640 -0.5435 -0.6133  0.0774  0.7933
  1.2293  0.9890  0.5364  0.4032  0.5882  0.4922  0.0252 -0.4652 -1.0766 -1.5873 -1.2536 -0.4694 -0.2082 -0.0676  0.4132  0.4998  0.3484  0.9259  1.4660
75
  0.9821  1.7233  1.5134  1.1550  1.5135  1.7233  0.9822  0.1032 -0.2535 -0.6146 -1.1374 -1.3105 -1.2516 -1.3105 -1.1374 -0.6146 -0.2535  0.1032  0.9821
  0.7404  1.4148  1.3063  0.9046  0.9098  0.8909  0.3032 -0.3445 -0.5160 -0.4596 -0.2690  0.2865  0.8148  0.7774  0.4630  0.2125 -0.1478 -0.3403  0.1111
  0.1288  0.6749  0.9091  0.6056  0.0892 -0.1201 -0.1248 -0.2743 -0.3890 -0.0938  0.7293  1.9365  2.9294  3.0408  2.3983  1.5132  0.5121 -0.3347 -0.5734
 -0.4722 -0.0917  0.5732  0.6971  0.2299  0.3632  1.0750  1.0850  0.3554 -0.1039  0.0161  0.4998  1.0997  1.4342  1.5140  1.6502  1.5912  1.0638  0.5512
 -0.6288 -0.5451  0.2461  0.8014  0.7748  1.2419  1.9657  1.6004  0.5103 -0.1138 -0.3592 -0.5895 -0.6427 -0.5758 -0.2733  0.6678  1.7149  1.8998  1.4546
 -0.3476 -0.5922 -0.0601  0.5578  0.7250  0.9640  1.1715  1.1040  1.6429  2.9186  3.5321  2.9853  2.0055  0.8464 -0.1975 -0.2802  0.4664  0.9326  0.7976
 -0.0756 -0.4057 -0.1926  0.1736  0.2439  0.2821  0.7818  2.7051  6.5222 10.1681 10.8643  8.7844  5.9890  3.3657  1.0882 -0.2289 -0.4438 -0.1670  0.0813
 -0.1106 -0.2666 -0.2001 -0.1287 -0.0676  0.4293  2.1559  6.1732 11.8512 15.6485 14.7452 10.5607  6.3095  3.3562  1.5183  0.4434 -0.1544 -0.2930 -0.0232
 -0.3237 -0.3338 -0.2626 -0.3600 -0.2278  0.7436  2.9349  6.6435 10.8071 12.5921 10.5487  6.5466  3.1414  1.2106  0.4905  0.2702 -0.0899 -0.3874 -0.2621
 -0.4613 -0.5445 -0.4197 -0.5307 -0.4868  0.1806  1.2991  2.6958  3.9434  4.0157  2.7547  1.2871  0.2848 -0.3885 -0.6972 -0.6912 -0.6864 -0.5929 -0.3036
 -0.4411 -0.7086 -0.6013 -0.6368 -0.6832 -0.5832 -0.7005 -1.0109 -1.1476 -1.1725 -1.0821 -0.6479 -0.2278 -0.3085 -0.6109 -0.6958 -0.5156 -0.1293  0.1901
 -0.3861 -0.7250 -0.7386 -0.7073 -0.5668 -0.4696 -0.8488 -1.3628 -1.3042 -0.7609 -0.1784  0.2719  0.4241  0.2763  0.1637  0.2180  0.3078  0.3597  0.2108
 -0.4406 -0.6950 -0.8075 -0.7434 -0.3113  0.0764 -0.1356 -0.4944 -0.2650  0.4329  1.0501  1.2002  0.8070  0.3328  0.2611  0.3597  0.2453 -0.0044 -0.2998
 -0.4245 -0.6455 -0.7587 -0.6166 -0.0855  0.2360 -0.0527 -0.4204 -0.3912  0.0389  0.7588  1.2430  0.9517  0.3433  0.0882 -0.0554 -0.3377 -0.3611 -0.0537
  0.0769 -0.2812 -0.3835 -0.1027  0.3564  0.3197 -0.0718 -0.1932 -0.2092 -0.2124  0.2974  0.9612  0.9242  0.5488  0.4713  0.3012 -0.0856  0.0249  0.7242
  0.9289  0.4828  0.3133  0.5661  0.8213  0.5346  0.3096  0.6421  0.7163  0.3361  0.4375  0.8284  0.6340  0.3703  0.6650  0.8226  0.5031  0.3789  0.6908
  1.2987  0.9938  0.6746  0.5457  0.4611  0.2340  0.4065  1.0320  1.1225  0.7316  0.9156  1.2427  0.6812 -0.0383  0.0279  0.3128  0.3331  0.3322  0.2689
  0.8791  0.7358  0.2719 -0.2346 -0.4290 -0.2456  0.3476  0.9998  1.0282  0.7827  1.1646  1.5549  0.8735 -0.1824 -0.5573 -0.4834 -0.1682  0.4335  0.6106
  0.5209  0.3842 -0.0124 -0.3280 -0.1140  0.4574  0.9639  1.2286  1.0890  0.7158  0.6266  0.6396  0.2646 -0.0679 -0.0059 -0.0690 -0.1021  0.5262  1.0338
80
  1.7233  1.5134  1.1550  1.5134  1.7233  0.9821  0.1032 -0.2535 -0.6146 -1.1374 -1.3105 -1.2516 -1.3105 -1.1374 -0.6146 -0.2535  0.1032  0.9821  1.7233
  1.3388  1.2677  0.9383  0.9957  0.9800  0.3694 -0.3027 -0.4949 -0.4637 -0.3245  0.1618  0.6668  0.6870  0.4581  0.2551 -0.1000 -0.2968  0.1627  0.6417
  0.4991  0.8242  0.6991  0.2577 -0.0413 -0.1676 -0.3628 -0.4442 -0.0958  0.6885  1.7465  2.6549  2.8613  2.3585  1.5040  0.4522 -0.4262 -0.6269 -0.4917
 -0.1733  0.5783  0.8699  0.3465  0.1839  0.6733  0.7059  0.1716 -0.0675  0.0992  0.4072  0.8677  1.2648  1.4053  1.4310  1.2186  0.6456  0.2090  0.2511
 -0.3390  0.5044  1.1315  0.9133  0.9948  1.5046  1.1658  0.1552 -0.4533 -0.8392 -1.3163 -1.3962 -1.0284 -0.4729  0.4285  1.3456  1.5088  1.1179  0.9991
 -0.1344  0.4579  1.0818  1.0546  0.9642  0.8736  0.4045  0.3206  0.9467  1.0601  0.3106 -0.2790 -0.4972 -0.6612 -0.3675  0.4026  0.8302  0.6827  0.4792
  0.1586  0.4904  0.8477  0.7224  0.3870  0.2847  1.1499  3.5935  6.1392  6.3461  4.3997  2.4258  1.1500  0.1416 -0.4745 -0.5358 -0.3259 -0.0481  0.1160
  0.3927  0.6153  0.6782  0.4505  0.4853  1.6087  4.6335  9.0509 11.9524 10.8680  7.0680  3.5611  1.5197  0.5080 -0.0204 -0.4345 -0.6048 -0.2198  0.2662
  0.4805  0.6683  0.5887  0.4127  1.1152  3.3999  7.1615 10.9353 12.1824  9.9091  6.0196  2.8049  0.9469  0.2783  0.2234 -0.0280 -0.3939 -0.2818 -0.0092
  0.3524  0.5335  0.4898  0.3587  1.1107  3.0194  5.3096  6.6896  6.1819  4.2918  2.4928  1.2678  0.2809 -0.2428 -0.2000 -0.1880 -0.2896 -0.1753 -0.1716
  0.1057  0.2675  0.2869  0.1495  0.4008  0.9559  1.2557  0.9723  0.2193 -0.3169 -0.1231  0.1729 -0.1127 -0.4836 -0.4340 -0.2529 -0.0274  0.2908  0.2832
 -0.0530 -0.0147 -0.0732 -0.1098 -0.0206 -0.2332 -0.8227 -1.2620 -1.2635 -0.8082 -0.0555  0.3570  0.1410 -0.0510  0.1231  0.2526  0.2733  0.3419  0.2376
 -0.0629 -0.2471 -0.5239 -0.4066  0.0122 -0.0781 -0.5944 -0.6986 -0.2685  0.3717  0.9971  1.1253  0.6767  0.4163  0.5577  0.4673  0.0906 -0.1413 -0.2570
  0.0112 -0.3588 -0.8291 -0.7223 -0.1540 -0.0508 -0.2510 -0.0795  0.2349  0.5328  1.0318  1.2112  0.6991  0.2636  0.2480  0.0535 -0.2505 -0.0763  0.3423
  0.1481 -0.1853 -0.5952 -0.5970 -0.3297 -0.3783 -0.2535  0.3222  0.5106  0.3433  0.6327  0.9008  0.4521 -0.0143 -0.0203 -0.0784 -0.0705  0.5782  1.4643
  0.2437  0.2925  0.2699  0.2479  0.1111 -0.1572  0.2076  1.0628  1.1723  0.7344  0.8872  1.1654  0.7055  0.1943  0.2695  0.4436  0.5315  0.8244  1.1944
  0.0482  0.6025  0.9755  0.8980  0.5420  0.3580  0.8660  1.5547  1.4149  0.9414  1.2118  1.6149  1.1546  0.4634  0.4321  0.7934  0.9944  0.7820  0.2202
 -0.4190  0.2303  0.6000  0.3271  0.0424  0.3631  1.1605  1.6986  1.4691  1.0223  1.1222  1.3243  0.8429  0.0966 -0.0642  0.3715  0.8811  0.9348  0.3358
 -0.6815 -0.4701 -0.3386 -0.5974 -0.5096  0.3440  1.4272  2.1947  2.4339  2.0979  1.4358  0.7240  0.0223 -0.4562 -0.4627 -0.1706  0.1854  0.5767  0.7798
85
  1.5135  1.1550  1.5134  1.7233  0.9821  0.1032 -0.2535 -0.6146 -1.1374 -1.3105 -1.2516 -1.3105 -1.1374 -0.6146 -0.2535  0.1032  0.9821  1.7233  1.5134
  1.2154  0.9592  1.0771  1.0720  0.4407 -0.2541 -0.4626 -0.4536 -0.3688  0.0389  0.5095  0.5811  0.4386  0.2883 -0.0535 -0.2462  0.2259  0.7141  0.4372
  0.7122  0.7591  0.4229  0.0601 -0.1864 -0.4290 -0.4667 -0.0541  0.6899  1.5801  2.3754  2.6560  2.2878  1.4719  0.3920 -0.4882 -0.6375 -0.4341 -0.5558
  0.5669  0.9905  0.4508  0.0233  0.2790  0.3340  0.0353  0.0711  0.3245  0.4602  0.7430  1.1494  1.3064  1.1924  0.8260  0.2392 -0.0933  0.0930  0.4085
  0.7541  1.3759  0.9783  0.6961  1.0077  0.7701 -0.0218 -0.4579 -0.8499 -1.5224 -1.7043 -1.1880 -0.5290  0.2132  0.9251  1.0557  0.7578  0.7488  1.0942
  0.9423  1.4925  1.2618  0.9037  0.6508 -0.0181 -0.5196 -0.3420 -0.5060 -1.3284 -1.6408 -1.2202 -0.8059 -0.3358  0.3464  0.6769  0.5069  0.3312  0.3475
  1.0790  1.4280  1.1529  0.5663  0.0290 -0.0487  1.0191  2.4979  2.4697  0.9772 -0.1248 -0.3332 -0.4323 -0.5534 -0.5133 -0.4251 -0.2333  0.0373  0.1159
  1.2737  1.4426  1.0550  0.6565  1.0295  2.7429  5.4960  7.2873  6.2654  3.4261  1.1314  0.0756 -0.3098 -0.4350 -0.6303 -0.8238 -0.4699  0.2276  0.5389
  1.4507  1.5343  1.1680  1.3780  3.1809  6.3832  9.3434  9.8742  7.5243  4.2824  1.9537  0.6095  0.0265  0.0691  0.0086 -0.3564 -0.3290  0.0078  0.0265
  1.4486  1.5606  1.2762  1.7522  3.8790  6.8312  8.5532  7.6254  4.9687  2.7906  1.6971  0.8142  0.1620  0.1862  0.2656 -0.0075 -0.1260 -0.1817 -0.5503
  1.2706  1.4284  1.1459  1.2512  2.2827  3.6123  4.0171  2.8665  1.1082  0.2841  0.3207  0.0888 -0.3240 -0.2735 -0.1243 -0.1495  0.0544  0.2639  0.0724
  1.0794  1.1409  0.8127  0.5654  0.4491  0.2833  0.0718 -0.3592 -0.9129 -0.9169 -0.4243 -0.2670 -0.4082 -0.3068 -0.2013 -0.2471 -0.0183  0.3501  0.4477
  1.0219  0.8135  0.3889  0.2480 -0.0270 -0.6673 -0.9889 -0.9166 -0.9394 -0.7415 -0.1260  0.2029  0.1282  0.1994  0.2448 -0.0301 -0.2107 -0.1239 -0.0389
  1.0474  0.5652 -0.1051 -0.0975  0.0261 -0.2905 -0.3579 -0.1729 -0.4350 -0.6304 -0.1696  0.1998  0.1195  0.1819  0.3018  0.0710 -0.0924  0.1463  0.4004
  0.9220  0.4517 -0.4175 -0.5891 -0.3668 -0.2472  0.2737  0.7927  0.3551 -0.2948 -0.1612  0.0744 -0.1552 -0.2983 -0.2328 -0.2178  0.0970  0.8557  1.4388
  0.5595  0.5631 -0.0393 -0.4539 -0.5665 -0.3561  0.5695  1.4754  1.3126  0.7992  0.9306  1.0672  0.5370 -0.1336 -0.4356 -0.3477  0.1038  0.6328  0.8659
  0.2128  0.8719  0.9231  0.4533 -0.0342  0.0000  0.6921  1.2903  1.1838  1.0065  1.3895  1.7199  1.2987  0.4787  0.0325  0.2319  0.5699  0.3261 -0.3316
  0.1093  0.9716  1.4219  0.9344  0.3130  0.2995  0.5703  0.5160  0.1439 -0.0817  0.1139  0.4947  0.5875  0.3249  0.2855  0.8676  1.4103  1.0403  0.1657
  0.1251  0.4957  0.7973  0.2993 -0.1896 -0.0093  0.3117  0.4056  0.4632  0.3474 -0.0788 -0.4011 -0.4300 -0.4199 -0.1995  0.5155  1.1644  1.1512  0.9662
90
  1.1550  1.5135  1.7233  0.9821  0.1032 -0.2535 -0.6146 -1.1374 -1.3105 -1.2516 -1.3105 -1.1374 -0.6146 -0.2535  0.1032  0.9821  1.7233  1.5134  1.1550
  0.9662  1.1512  1.1644  0.5155 -0.1995 -0.4199 -0.4300 -0.4011 -0.0788  0.3474  0.4632  0.4056  0.3117 -0.0093 -0.1896  0.2993  0.7973  0.4957  0.1251
  0.7798  0.5767  0.1854 -0.1706 -0.4627 -0.4562  0.0223  0.7240  1.4358  2.0979  2.4339  2.1947  1.4272  0.3440 -0.5096 -0.5974 -0.3386 -0.4701 -0.6815
  1.0338  0.5262 -0.1022 -0.0690 -0.0059 -0.0679  0.2646  0.6396  0.6266  0.7158  1.0890  1.2286  0.9639  0.4574 -0.1140 -0.3280 -0.0124  0.3842  0.5209
  1.4660  0.9259  0.3484  0.4998  0.4132 -0.0676 -0.2082 -0.4694 -1.2536 -1.5873 -1.0766 -0.4652  0.0252  0.4922  0.5882  0.4032  0.5364  0.9890  1.2294
  1.6482  1.2354  0.7108  0.4748 -0.1309 -0.7741 -0.8042 -1.0252 -1.8070 -1.9882 -1.2944 -0.6654 -0.2275  0.3000  0.5200  0.3166  0.1858  0.2693  0.3331
  1.6577  1.3190  0.6929  0.0713 -0.5302 -0.5128  0.0980  0.0189 -0.8987 -1.2766 -0.8500 -0.5153 -0.4154 -0.3111 -0.3300 -0.3259 -0.0984  0.0833  0.1070
  1.7561  1.4224  0.8586  0.7152  1.2906  2.4681  3.1996  2.3542  0.6308 -0.3970 -0.6061 -0.6552 -0.6155 -0.6053 -0.7582 -0.5570  0.1138  0.5595  0.6264
  1.9250  1.6216  1.4491  2.5381  4.8443  6.9044  6.9189  4.7280  2.2685  0.9857  0.3519 -0.1384 -0.1556 -0.0286 -0.2484 -0.2899  0.0401  0.0944 -0.0322
  2.0034  1.7295  1.8118  3.5861  6.7238  9.0696  8.5876  5.7308  3.0505  1.8317  1.1045  0.3868  0.2831  0.4538  0.1873 -0.0995 -0.1668 -0.5107 -0.8106
  1.9250  1.6216  1.4491  2.5381  4.8443  6.9044  6.9189  4.7280  2.2685  0.9857  0.3519 -0.1384 -0.1556 -0.0286 -0.2484 -0.2899  0.0401  0.0945 -0.0322
  1.7561  1.4224  0.8586  0.7152  1.2906  2.4681  3.1996  2.3542  0.6308 -0.3970 -0.6061 -0.6552 -0.6155 -0.6054 -0.7582 -0.5571  0.1138  0.5595  0.6264
  1.6577  1.3189  0.6929  0.0713 -0.5302 -0.5128  0.0980  0.0189 -0.8987 -1.2766 -0.8500 -0.5153 -0.4154 -0.3111 -0.3300 -0.3259 -0.0984  0.0833  0.1070
  1.6482  1.2354  0.7108  0.4748 -0.1309 -0.7741 -0.8042 -1.0252 -1.8070 -1.9882 -1.2944 -0.6654 -0.2275  0.3000  0.5200  0.3166  0.1858  0.2693  0.3331
  1.4660  0.9259  0.3484  0.4997  0.4131 -0.0676 -0.2082 -0.4694 -1.2536 -1.5873 -1.0766 -0.4652  0.0252  0.4922  0.5882  0.4032  0.5364  0.9890  1.2294
  1.0337  0.5261 -0.1022 -0.0690 -0.0059 -0.0679  0.2646  0.6396  0.6266  0.7158  1.0890  1.2286  0.9639  0.4574 -0.1141 -0.3280 -0.0124  0.3842  0.5209
  0.7798  0.5766  0.1854 -0.1706 -0.4627 -0.4562  0.0223  0.7240  1.4358  2.0979  2.4339  2.1947  1.4272  0.3440 -0.5096 -0.5974 -0.3386 -0.4701 -0.6815
  0.9662  1.1511  1.1644  0.5155 -0.1995 -0.4199 -0.4300 -0.4011 -0.0788  0.3474  0.4632  0.4056  0.3117 -0.0093 -0.1896  0.2993  0.7973  0.4957  0.1251
  1.1550  1.5134  1.7233  0.9821  0.1032 -0.2535 -0.6146 -1.1374 -1.3105 -1.2516 -1.3105 -1.1374 -0.6146 -0.2535  0.1032  0.9821  1.7233  1.5135  1.1550
